post:
	@echo "POST request"
	@curl \
	-H "Content-Type: application/json" \
	-d '{"i":"0","strokes":"[[-4, 0, 1, 0, 0],[-15, 9, 1, 0, 0],[-10, 17, 1, 0, 0],[-1, 28, 1, 0, 0],[14, 13, 1, 0, 0],[12, 4, 1, 0, 0],[22, 1, 1, 0, 0],[14, -11, 1, 0, 0],[5, -12, 1, 0, 0],[2, -19, 1, 0, 0],[-12, -23, 1, 0, 0],[-13, -7, 1, 0, 0],[-14, -1, 0, 1, 0]]"}' \
	-X POST http://127.0.0.1:8080/post
	@echo ""

infer_post:
	@echo "POST request"
	@curl \
	-H "Content-Type: application/json" \
	-d '{"i":"0","strokes":"[[-4, 0, 1, 0, 0],[-15, 9, 1, 0, 0],[-10, 17, 1, 0, 0],[-1, 28, 1, 0, 0],[14, 13, 1, 0, 0],[12, 4, 1, 0, 0],[22, 1, 1, 0, 0],[14, -11, 1, 0, 0],[5, -12, 1, 0, 0],[2, -19, 1, 0, 0],[-12, -23, 1, 0, 0],[-13, -7, 1, 0, 0],[-14, -1, 0, 1, 0]]"}' \
	-X POST http://127.0.0.1:8080/infer
	@echo ""

infer_post2:
	@echo "POST request"
	@curl \
	-H "Content-Type: application/json" \
	-d '{"i":"0","strokes":"[[-4, 0, 1, 0, 0],[-15, 9, 1, 0, 0],[-10, 17, 1, 0, 0],[-1, 28, 1, 0, 0],[14, 13, 1, 0, 0],[12, 4, 1, 0, 0],[22, 1, 1, 0, 0],[14, -11, 1, 0, 0],[5, -12, 1, 0, 0],[2, -19, 1, 0, 0],[-12, -23, 1, 0, 0],[-13, -7, 1, 0, 0],[-14, -1, 0, 1, 0],[-4, 0, 1, 0, 0],[-15, 9, 1, 0, 0],[-10, 17, 1, 0, 0],[-1, 28, 1, 0, 0],[14, 13, 1, 0, 0],[12, 4, 1, 0, 0],[22, 1, 1, 0, 0],[14, -11, 1, 0, 0],[5, -12, 1, 0, 0],[2, -19, 1, 0, 0],[-12, -23, 1, 0, 0],[-13, -7, 1, 0, 0],[-14, -1, 0, 1, 0]]"}' \
	-X POST http://127.0.0.1:8080/infer
	@echo ""

infer_post_her:
	@echo "POST request"
	@curl \
	-H "Content-Type: application/json" \
	-d '{"i":"0","strokes":"[[-9.2,-12.400001,1.0,0.0,0.0],[0.0,-22.0,1.0,0.0,0.0],[12.0,-12.0,1.0,0.0,0.0],[33.2,-6.0,1.0,0.0,0.0],[19.6,10.400001,1.0,0.0,0.0],[9.6,18.4,1.0,0.0,0.0],[0.0,22.800001,1.0,0.0,0.0],[-20.0,10.8,1.0,0.0,0.0],[-32.0,0.0,1.0,0.0,0.0],[-12.400001,-10.0,1.0,0.0,0.0]]"}' \
	-X POST http://127.0.0.1:8080/infer
	@echo ""

get:
	@echo "GET request"
	@curl \
	-H "Content-Type: application/x-www-form-urlencoded" \
	-X POST \
	-d strokes=[[1,2,3],[4,5,6]] \
	-d i=100 \
	http://127.0.0.1:8080/get \
	@echo ""